Script de Execução
--------LOTE 1----------
Cross-over ordenado, mutação 1, elitismo, estagnação
Script de Execução
--------LOTE 1----------
Cross-over ordenado, mutação 1, elitismo, estagnação
Melhor Solucao:  [37, 80, 56, 72, 90, 58, 66, 28, 59, 34, 40, 48, 33, 15, 67, 57, 0, 49, 97, 96, 86, 27, 46, 73, 35, 76, 87, 3, 39, 32, 84, 19, 5, 25, 6, 51, 22, 60, 38, 4, 65, 7, 74, 12, 93, 23, 79, 75, 13, 20, 47, 99, 1, 18, 50, 70, 82, 21, 16, 31, 26, 71, 30, 85, 77, 68, 78, 69, 62, 17, 29, 11, 64, 2, 94, 91, 24, 52, 61, 43, 14, 89, 41, 88, 83, 9, 92, 53, 45, 10, 8, 36, 63, 81, 54, 42, 98, 95, 44, 55] 

Custo da melhor solucao:  111117.23862919645 

Script de Execução
--------LOTE 1----------
Cross-over ordenado, mutação 1, elitismo, estagnação
Melhor Solucao:  [49, 19, 31, 14, 17, 23, 50, 51, 10, 12, 43, 36, 34, 22, 29, 18, 4, 5, 45, 35, 27, 2, 20, 6, 41, 1, 46, 13, 25, 26, 0, 38, 9, 8, 24, 11, 32, 16, 40, 47, 39, 48, 21, 15, 30, 33, 44, 7, 42, 37, 3, 28] 

Custo da melhor solucao:  19267.686054371232 

